Earth:
  R: 6371000
  mu: 3.98600408824e14
  h: 250000
  M1: 117428
  M2: 15794
  M2_dry: 4300
  M1_f: 22834
  Thrust2: 294300
  Isp_1: 341
  Isp_2: 359
  n01: 1.43
  n02: 1.9
  tb_1: 190.2
Kerbin:
  R: 600000
  mu: 3.5316000e12
  h: 120000
  M1: 21487
  M2: 8035
  M2_dry: 4885
  M1_f: 11387
  Thrust2: 125000
  Isp_1: 310
  Isp_2: 355
  n01: 1.9
  n02: 1.59
  tb_1: 77